# scenario_runner current route
# A219BS010409 -> A219BS010427
# x y
140.817959 1377.804998
140.885793 1378.300356
140.953628 1378.795713
141.021463 1379.291071
141.089070 1379.786458
141.156676 1380.281845
141.224283 1380.777231
141.291890 1381.272618
141.352430 1381.768933
141.412971 1382.265248
141.473511 1382.761563
141.533058 1383.258000
141.592605 1383.754437
141.652152 1384.250875
141.711485 1384.747336
141.770818 1385.243798
141.830151 1385.740260
141.889758 1386.236690
141.949366 1386.733120
142.008973 1387.229550
142.067897 1387.726063
142.126822 1388.222575
142.185746 1388.719088
142.244670 1389.215600
142.303951 1389.712073
142.363232 1390.208546
142.422513 1390.705020
142.481821 1391.201489
142.541129 1391.697959
142.600436 1392.194429
142.660074 1392.690859
142.719712 1393.187290
142.779351 1393.683720
142.838989 1394.180151
142.898627 1394.676581
142.958265 1395.173012
143.018614 1395.669356
143.078963 1396.165701
143.139312 1396.662045
143.200583 1397.158277
143.261853 1397.654509
143.323123 1398.150741
143.384394 1398.646972
143.445664 1399.143204
143.506935 1399.639436
143.566878 1400.135830
143.626821 1400.632223
143.686765 1401.128617
143.746708 1401.625011
143.806651 1402.121405
143.866594 1402.617799
143.901079 1403.116608
143.935563 1403.615417
143.970047 1404.114227
144.004531 1404.613036
144.039015 1405.111846
144.045408 1405.611801
144.051800 1406.111757
144.058193 1406.611712
144.064585 1407.111668
144.070978 1407.611624
144.077371 1408.111579
144.080402 1408.611558
144.083433 1409.111536
144.086464 1409.611515
144.089396 1410.111492
144.092328 1410.611468
144.095261 1411.111445
144.096959 1411.400998
144.095623 1411.900996
144.094287 1412.400994
144.092951 1412.900992
144.091615 1413.400991
144.090279 1413.900989
144.089086 1414.400987
144.087893 1414.900986
144.086700 1415.400984
144.085507 1415.900983
144.084314 1416.400981
144.083121 1416.900980
144.081948 1417.400979
144.080776 1417.900977
144.079604 1418.400976
144.078431 1418.900974
144.077259 1419.400973
144.076087 1419.900972
144.074941 1420.400970
144.073796 1420.900969
144.072651 1421.400968
144.071506 1421.900966
144.070959 1422.139998
144.073982 1422.639989
144.077005 1423.139980
144.079851 1423.639971
144.082696 1424.139963
144.085541 1424.639955
144.088386 1425.139947
144.091231 1425.639939
144.094076 1426.139930
144.096308 1426.639925
144.098540 1427.139920
144.100772 1427.639915
144.103003 1428.139910
144.105235 1428.639905
144.102268 1429.139866
144.099301 1429.639827
144.096334 1430.139788
144.093959 1430.539998
144.094679 1431.039964
144.095398 1431.539930
144.094224 1432.039929
144.093049 1432.539927
144.091875 1433.039925
144.090310 1433.539922
144.088745 1434.039920
144.087180 1434.539917
144.085256 1435.039913
144.083333 1435.539909
144.081410 1436.039905
144.079486 1436.539900
144.077344 1437.039896
144.075202 1437.539891
144.073060 1438.039887
144.070918 1438.539882
144.068776 1439.039877
144.066634 1439.539873
144.064320 1440.039867
144.062005 1440.539862
144.059690 1441.039857
144.057376 1441.539851
144.055061 1442.039846
144.052746 1442.539840
144.050411 1443.039835
144.048076 1443.539829
144.045740 1444.039824
144.043405 1444.539818
144.041070 1445.039813
144.038734 1445.539807
144.036544 1446.039802
144.034354 1446.539797
144.032164 1447.039793
144.029974 1447.539788
144.027784 1448.039783
144.025593 1448.539778
144.023569 1449.039774
144.021544 1449.539770
144.019520 1450.039766
144.017495 1450.539762
144.015470 1451.039758
144.013446 1451.539754
144.011440 1452.039750
144.009434 1452.539746
144.007429 1453.039742
144.005423 1453.539738
144.003417 1454.039734
144.001412 1454.539730
143.998955 1455.039723
143.996855 1455.539719
143.994755 1456.039714
143.992655 1456.539710
143.990555 1457.039706
143.988455 1457.539701
143.986275 1458.039696
143.984094 1458.539692
143.981914 1459.039687
143.979959 1459.487998
143.979123 1459.987997
143.978286 1460.487996
143.977450 1460.987996
143.976614 1461.487995
143.975778 1461.987994
143.974942 1462.487994
143.974105 1462.987993
143.973269 1463.487992
143.972433 1463.987992
143.971596 1464.487991
143.970760 1464.987990
143.969924 1465.487989
143.969088 1465.987989
143.968251 1466.487988
143.967415 1466.987987
143.966579 1467.487987
143.965743 1467.987986
143.964907 1468.487985
143.964071 1468.987985
143.963235 1469.487984
143.962398 1469.987983
143.961562 1470.487982
143.960726 1470.987982
143.959890 1471.487981
143.959054 1471.987980
143.958217 1472.487980
143.957381 1472.987979
143.956544 1473.487978
143.955708 1473.987977
143.954872 1474.487977
143.954036 1474.987976
143.953200 1475.487975
143.952363 1475.987975
143.951527 1476.487974
143.950691 1476.987973
143.949855 1477.487972
143.949019 1477.987972
143.948183 1478.487971
143.947347 1478.987970
143.946511 1479.487970
143.945674 1479.987969
143.944838 1480.487968
143.944002 1480.987968
143.943165 1481.487967
143.942329 1481.987966
143.941493 1482.487966
143.940656 1482.987965
143.939820 1483.487964
143.938984 1483.987963
143.938148 1484.487963
143.937312 1484.987962
143.936475 1485.487961
143.935639 1485.987961
143.934803 1486.487960
143.933967 1486.987959
143.933131 1487.487959
143.932295 1487.987958
143.931459 1488.487957
143.930623 1488.987956
143.929786 1489.487956
143.928950 1489.987955
143.928114 1490.487954
143.927277 1490.987954
143.926441 1491.487953
143.925604 1491.987952
143.924768 1492.487952
143.923932 1492.987951
143.923096 1493.487950
143.922260 1493.987949
143.921424 1494.487949
143.920588 1494.987948
143.919751 1495.487947
143.918915 1495.987947
143.918079 1496.487946
143.917243 1496.987945
143.916407 1497.487945
143.915571 1497.987944
143.914734 1498.487943
143.913898 1498.987942
143.913062 1499.487942
143.912225 1499.987941
143.911389 1500.487940
143.910553 1500.987940
143.909716 1501.487939
143.908880 1501.987938
143.908044 1502.487937
143.907208 1502.987937
143.906372 1503.487936
143.905536 1503.987935
143.904700 1504.487935
143.903863 1504.987934
143.903027 1505.487933
143.902191 1505.987933
143.901355 1506.487932
143.900519 1506.987931
143.899683 1507.487930
143.898846 1507.987930
143.898010 1508.487929
143.897173 1508.987928
143.896337 1509.487928
143.895501 1509.987927
143.894665 1510.487926
143.893828 1510.987926
143.892992 1511.487925
143.892156 1511.987924
143.891320 1512.487923
143.890484 1512.987923
143.889648 1513.487922
143.888812 1513.987921
143.887976 1514.487921
143.887139 1514.987920
143.886303 1515.487919
143.885467 1515.987919
143.884331 1516.487917
143.883959 1516.651998
143.885482 1517.151496
143.884655 1517.651467
143.883829 1518.151438
143.883003 1518.651410
143.882176 1519.151381
143.880420 1519.651376
143.878664 1520.151372
143.877370 1520.651370
143.876077 1521.151368
143.874256 1521.651364
143.872434 1522.151361
143.870928 1522.651358
143.869422 1523.151355
143.867766 1523.651352
143.866110 1524.151348
143.864274 1524.651345
143.862438 1525.151342
143.860785 1525.651338
143.859131 1526.151335
143.857275 1526.651331
143.855746 1527.151327
143.854218 1527.651323
143.852586 1528.151318
143.850799 1528.651314
143.849013 1529.151310
143.847226 1529.651306
143.845821 1530.151301
143.844199 1530.651296
143.842577 1531.151292
143.841069 1531.651288
143.839447 1532.151285
143.837824 1532.651282
143.836107 1533.151276
143.834389 1533.651270
143.832672 1534.151265
143.831088 1534.651262
143.829504 1535.151258
143.827430 1535.651253
143.825999 1536.151248
143.823884 1536.651243
143.822274 1537.151240
143.820663 1537.651236
143.819213 1538.151234
143.817652 1538.651231
143.816091 1539.151229
143.814307 1539.651225
143.812523 1540.151222
143.810739 1540.651218
143.809015 1541.151215
143.807290 1541.651212
143.805565 1542.151209
143.803818 1542.651206
143.802306 1543.151204
143.797794 1543.651184
143.793283 1544.151163
143.788771 1544.651143
143.788928 1545.151142
143.789787 1545.651141
143.791723 1546.151136
143.793685 1546.651132
143.795133 1547.151130
143.797109 1547.651125
143.798648 1548.151123
143.800440 1548.651119
143.791623 1549.151041
143.782806 1549.650963
143.765991 1550.150680
143.749177 1550.650397
143.732363 1551.150114
143.715340 1551.649824
143.698162 1552.149529
143.680984 1552.649233
143.663805 1553.148938
143.646632 1553.648643
143.629460 1554.148348
143.612287 1554.648053
143.579380 1555.146968
143.546473 1555.645883
143.501442 1556.143851
143.456412 1556.641819
143.411382 1557.139786
143.366250 1557.637744
143.321106 1558.135701
143.275954 1558.633656
143.230368 1559.131573
143.184782 1559.629491
143.139196 1560.127408
143.093772 1560.625339
143.048608 1561.123294
143.003443 1561.621249
142.958124 1562.119190
142.912805 1562.617132
142.867217 1563.115048
142.821628 1563.612965
142.776388 1564.110914
142.731149 1564.608863
142.685956 1565.106817
142.640763 1565.604770
142.595071 1566.102678
142.549809 1566.600625
142.504283 1567.098547
142.458758 1567.596468
142.413232 1568.094390
142.363115 1568.591872
142.312132 1569.089265
142.260936 1569.586637
142.220561 1570.085002
142.181788 1570.583495
142.143705 1571.082039
142.105889 1571.580604
142.068412 1572.079194
142.030786 1572.577768
141.993288 1573.076354
141.955753 1573.574940
141.918217 1574.073525
141.880682 1574.572111
141.878959 1574.594998
